# Ruins data management file. Below, you see all data accumulated by AtomicStrykers Ruins during the last run of this World.
# Data is noted as follows: Each line stands for one successfull Ruin spawn. Data syntax is:
# xMin yMin zMin xMax yMax zMax templateName
# everything but the last value is an integer value. Template name equals the template file name.
#
# DO NOT EDIT THIS FILE UNLESS YOU ARE SURE OF WHAT YOU ARE DOING
#
# The primary function of this file is to lock areas you do not want Ruins spawning in. Put them here before worldgen.
# It should also prevent Ruins re-spawning under any circumstances. Areas registered in here block any overlapping new Ruins.
# Empty lines and those prefixed by '#' are ignored by the parser. Don't save notes in here, file gets wiped upon flushing.
#
-91 63 -466 -61 100 -436 PirateShip.tml
53 38 -476 89 54 -465 SunkenShip-v3.tml
72 42 -1169 80 59 -1143 shipwreck.tml
75 37 -513 86 61 -477 SunkenShip-v2.tml
92 38 -485 103 62 -449 SunkenShip-v2.tml
96 43 -1256 132 59 -1245 SunkenShip-v3.tml
128 39 -479 136 56 -453 shipwreck.tml
143 44 -920 179 68 -909 SunkenShip-v2.tml
208 74 -1234 213 80 -1229 CaveSpiderBurrow.tml
230 73 -1135 240 78 -1125 RuinedSmallFountainDiagonal.tml
263 43 -974 274 59 -938 SunkenShip-v3.tml
300 45 -1250 336 69 -1239 SunkenShip-v2.tml
368 43 -1018 394 60 -1010 shipwreck.tml
428 41 -1271 464 57 -1260 SunkenShip-v3.tml
968 70 692 977 85 701 MoaiHead.tml
1060 63 759 1069 71 774 Archway.tml
6601 64 8549 6605 66 8553 EmeraldOreOutcrop.tml
6661 66 8469 6666 72 8474 CaveSpiderBurrow.tml
6671 108 8623 6676 111 8630 Melonfield.tml
6688 111 8777 6691 115 8779 SkeletonHeadStatue.tml
6698 87 8877 6707 102 8886 MoaiHead.tml
6716 47 8368 6727 71 8404 SunkenShip-v2.tml
6732 48 8390 6743 72 8426 SunkenShip-v2.tml
6778 44 8605 6786 61 8631 shipwreck.tml
6808 65 8910 6813 71 8915 CaveSpiderBurrow.tml
6808 65 8189 6815 74 8196 Outcrop.tml
6825 71 8753 6829 77 8756 StonePillar.tml
6837 43 8264 6845 60 8290 shipwreck.tml
6850 89 8822 6853 93 8825 StoneGrill.tml
6851 45 8416 6887 61 8427 SunkenShip-v3.tml
6871 91 9046 6875 93 9050 EmeraldOreOutcrop.tml
6925 45 8045 6936 69 8081 SunkenShip-v2.tml
6930 48 8691 6941 64 8727 SunkenShip-v3.tml
6958 90 9006 6963 93 9013 Melonfield.tml
6999 44 8813 7010 68 8849 SunkenShip-v2.tml
7017 44 8431 7028 68 8467 SunkenShip-v2.tml
7018 45 5993 7044 62 6001 shipwreck.tml
7027 45 6010 7063 69 6021 SunkenShip-v2.tml
7036 42 8101 7047 58 8137 SunkenShip-v3.tml
7050 65 9125 7054 71 9128 StonePillar.tml
7054 49 8653 7080 66 8661 shipwreck.tml
7082 63 8972 7085 67 8974 SkeletonHeadStatue.tml
7099 43 5813 7135 59 5824 SunkenShip-v3.tml
7118 39 8231 7126 56 8257 shipwreck.tml
7135 68 9112 7139 70 9116 EmeraldOreOutcrop.tml
7160 89 8687 7172 98 8697 StoneHouseMruined.tml
7164 66 8782 7168 68 8786 EmeraldOreOutcrop.tml
7196 41 7862 7232 65 7873 SunkenShip-v2.tml
7205 43 5703 7213 60 5729 shipwreck.tml
7206 68 9074 7219 100 9087 OreSpire.tml
7208 43 8143 7244 67 8154 SunkenShip-v2.tml
7211 64 6008 7214 68 6011 StoneGrill.tml
7216 44 5529 7252 68 5540 SunkenShip-v2.tml
7218 43 8955 7244 60 8963 shipwreck.tml
7264 67 6146 7267 71 6148 SkeletonHeadStatue.tml
7266 68 9174 7271 74 9179 CaveSpiderBurrow.tml
7269 40 8813 7280 56 8849 SunkenShip-v3.tml
7288 63 8596 7318 100 8626 PirateShip.tml
7311 41 8153 7322 57 8189 SunkenShip-v3.tml
7312 43 8917 7323 67 8953 SunkenShip-v2.tml
7316 43 7925 7324 60 7951 shipwreck.tml
7318 64 6060 7333 72 6069 Archway.tml
7325 70 9055 7329 76 9058 StonePillar.tml
7332 45 5864 7368 69 5875 SunkenShip-v2.tml
7345 62 8256 7352 65 8261 PumpkinField.tml
7349 71 9189 7359 76 9199 RuinedSmallFountainDiagonal.tml
7350 61 6248 7353 67 6252 StonePillar.tml
7380 64 7730 7383 68 7733 StoneGrill.tml
7389 64 7928 7396 73 7935 Outcrop.tml
7391 63 5955 7395 69 5958 StonePillar.tml
7394 44 5689 7430 60 5700 SunkenShip-v3.tml
7396 70 6153 7403 74 6160 TinyFarmField.tml
7398 64 6074 7405 67 6079 PumpkinField.tml
7417 46 8487 7428 62 8523 SunkenShip-v3.tml
7423 62 9827 7430 71 9834 Outcrop.tml
7443 44 5027 7479 68 5038 SunkenShip-v2.tml
7446 44 4846 7482 60 4857 SunkenShip-v3.tml
7450 66 8218 7454 72 8221 StonePillar.tml
7455 69 9036 7462 73 9043 TinyFarmField.tml
7474 67 7975 7487 76 7988 VolcanicVent.tml
7475 61 9736 7478 65 9739 StoneGrill.tml
7482 70 8817 7485 74 8820 StoneGrill.tml
7488 67 6113 7492 69 6117 EmeraldOreOutcrop.tml
7493 64 7890 7498 70 7895 CaveSpiderBurrow.tml
7507 42 5677 7533 59 5685 shipwreck.tml
7509 64 9810 7513 66 9814 EmeraldOreOutcrop.tml
7510 44 5150 7518 61 5176 shipwreck.tml
7526 67 5980 7533 76 5987 Outcrop.tml
7526 43 5565 7537 67 5601 SunkenShip-v2.tml
7527 61 5902 7530 65 5905 StoneGrill.tml
7530 72 8971 7537 75 8976 Melonfield.tml
7535 50 8059 7571 74 8070 SunkenShip-v2.tml
7543 62 10817 7552 77 10826 MoaiHead.tml
7551 43 8783 7577 60 8791 shipwreck.tml
7553 62 9736 7560 66 9743 TinyFarmField.tml
7555 66 5058 7562 75 5065 Outcrop.tml
7559 62 6407 7566 67 6412 ZombieHut.tml
7570 46 9154 7596 63 9162 shipwreck.tml
7571 63 7902 7583 68 7914 AncientFountain.tml
7573 65 6318 7578 68 6325 Melonfield.tml
7588 81 6225 7591 85 6227 SkeletonHeadStatue.tml
7592 70 5163 7602 75 5173 RuinedSmallFountainDiagonal.tml
7593 91 7979 7597 93 7983 EmeraldOreOutcrop.tml
7599 85 10179 7614 93 10194 Mausoleum.tml
7600 66 4810 7608 74 4821 MinersHut.tml
7602 61 9573 7607 67 9578 CaveSpiderBurrow.tml
7603 66 5826 7610 70 5833 TinyFarmField.tml
7603 65 4941 7607 71 4944 StonePillar.tml
7606 71 5349 7618 76 5361 AncientFountain.tml
7609 71 5907 7624 79 5916 Archway.tml
7611 64 10967 7618 67 10972 Melonfield.tml
7613 67 5604 7623 72 5614 RuinedSmallFountainDiagonal.tml
7613 62 10686 7618 67 10693 ZombieHut.tml
7614 46 8880 7625 70 8916 SunkenShip-v2.tml
7631 94 11194 7635 96 11198 EmeraldOreOutcrop.tml
7638 69 5725 7651 78 5738 VolcanicVent.tml
7651 116 11952 7661 121 11962 RuinedSmallFountainDiagonal.tml
7654 64 10487 7658 66 10491 EmeraldOreOutcrop.tml
7655 63 9950 7662 68 9955 ZombieHut.tml
7661 50 6111 7669 67 6137 shipwreck.tml
7662 62 7752 7669 67 7757 ZombieHut.tml
7664 73 11644 7674 78 11654 RuinedSmallFountainDiagonal.tml
7668 83 6022 7681 92 6035 VolcanicVent.tml
7674 76 10874 7678 78 10878 EmeraldOreOutcrop.tml
7680 87 4838 7693 96 4851 VolcanicVent.tml
7681 74 11747 7693 79 11759 AncientFountain.tml
7681 66 4958 7688 70 4965 TinyFarmField.tml
7682 71 7879 7685 75 7881 SkeletonHeadStatue.tml
7692 68 5293 7699 72 5300 TinyFarmField.tml
7693 73 11759 7700 77 11766 TinyFarmField.tml
7700 44 7995 7736 60 8006 SunkenShip-v3.tml
7701 63 9381 7717 76 9393 Barn-intact.tml
7706 71 5202 7710 73 5206 EmeraldOreOutcrop.tml
7711 69 5515 7718 78 5522 Outcrop.tml
7718 64 11009 7721 70 11013 StonePillar.tml
7720 49 9207 7756 73 9218 SunkenShip-v2.tml
7724 44 9807 7735 68 9843 SunkenShip-v2.tml
7725 76 5868 7728 82 5872 StonePillar.tml
7729 63 10793 7732 67 10796 StoneGrill.tml
7730 61 10710 7735 67 10715 CaveSpiderBurrow.tml
7735 76 5728 7740 82 5733 CaveSpiderBurrow.tml
7747 109 11236 7750 113 11238 SkeletonHeadStatue.tml
7748 46 8851 7759 62 8887 SunkenShip-v3.tml
7757 42 9908 7783 59 9916 shipwreck.tml
7759 63 11597 7763 65 11601 EmeraldOreOutcrop.tml
7761 43 9626 7787 60 9634 shipwreck.tml
7762 67 5041 7767 73 5046 CaveSpiderBurrow.tml
7769 43 11680 7795 60 11688 shipwreck.tml
7772 45 9992 7783 61 10028 SunkenShip-v3.tml
7773 64 6285 7785 73 6295 StoneHouseMruined.tml
7775 64 5316 7788 73 5329 VolcanicVent.tml
7776 62 10323 7783 71 10330 Outcrop.tml
7778 62 10436 7782 68 10439 StonePillar.tml
7783 68 10918 7790 72 10925 TinyFarmField.tml
7790 62 11500 7799 77 11509 MoaiHead.tml
7791 63 7696 7798 67 7703 TinyFarmField.tml
7791 80 5634 7803 85 5646 AncientFountain.tml
7793 66 6363 7806 75 6376 VolcanicVent.tml
7793 42 11392 7801 59 11418 shipwreck.tml
7795 86 12034 7799 88 12038 EmeraldOreOutcrop.tml
7801 69 6119 7808 78 6126 Outcrop.tml
7803 48 10126 7839 72 10137 SunkenShip-v2.tml
7804 62 5400 7809 68 5405 CaveSpiderBurrow.tml
7805 44 11864 7841 60 11875 SunkenShip-v3.tml
7811 49 7979 7837 66 7987 shipwreck.tml
7811 69 5529 7813 73 5532 SkeletonHeadStatue.tml
7813 61 4826 7816 65 4829 StoneGrill.tml
7821 66 5835 7832 77 5844 ArrowTrapTomb.tml
7828 62 11236 7835 67 11241 ZombieHut.tml
7834 68 10652 7841 71 10657 Melonfield.tml
7836 72 6465 7841 75 6472 PumpkinField.tml
7855 42 8807 7881 59 8815 shipwreck.tml
7856 71 10572 7863 75 10579 TinyFarmField.tml
7857 65 6034 7864 68 6039 Melonfield.tml
7858 43 11947 7884 60 11955 shipwreck.tml
7871 47 9358 7897 64 9366 shipwreck.tml
7871 88 10835 7883 93 10847 AncientFountain.tml
7871 64 11506 7874 68 11509 StoneGrill.tml
7875 65 7822 7879 67 7826 EmeraldOreOutcrop.tml
7877 199 4929 7886 207 4944 Archway.tml
7880 62 11096 7887 65 11101 Melonfield.tml
7882 62 6347 7889 67 6352 ZombieHut.tml
7884 95 10920 7891 104 10927 Outcrop.tml
7897 44 8893 7908 68 8929 SunkenShip-v2.tml
7906 44 9515 7942 68 9526 SunkenShip-v2.tml
7908 61 5867 7917 69 5882 Archway.tml
7908 44 11344 7919 68 11380 SunkenShip-v2.tml
7912 69 10221 7916 71 10225 EmeraldOreOutcrop.tml
7913 66 6269 7925 71 6281 AncientFountain.tml
7913 66 5327 7935 78 5379 AlchemistsDungeon.tml
7913 67 10458 7915 71 10461 SkeletonHeadStatue.tml
7913 66 12057 7920 70 12064 TinyFarmField.tml
7917 197 4812 7937 211 4832 Altar.tml
7924 77 5758 7933 92 5767 MoaiHead.tml
7925 62 5479 7945 76 5499 Altar.tml
7926 43 9688 7937 59 9724 SunkenShip-v3.tml
7933 63 5956 7946 95 5969 OreSpire.tml
7946 64 6138 7950 66 6142 EmeraldOreOutcrop.tml
7947 62 10006 7952 68 10011 CaveSpiderBurrow.tml
7956 62 5168 7963 65 5173 PumpkinField.tml
7963 89 10826 7971 97 10837 MinersHut.tml
7964 44 11651 8000 68 11662 SunkenShip-v2.tml
7968 90 10730 7972 92 10734 EmeraldOreOutcrop.tml
7970 76 5574 7973 80 5577 StoneGrill.tml
7971 52 11549 7982 68 11585 SunkenShip-v3.tml
7972 62 10996 7977 68 11001 CaveSpiderBurrow.tml
7980 43 11242 7991 59 11278 SunkenShip-v3.tml
7981 66 10192 7986 69 10199 Melonfield.tml
7987 72 10555 7999 81 10565 StoneHouseMruined.tml
7989 61 5023 8001 66 5035 AncientFountain.tml
7989 76 8006 7992 82 8010 StonePillar.tml
7990 66 11995 8002 79 12011 Barn-intact.tml
8008 78 10659 8013 84 10664 CaveSpiderBurrow.tml
8012 64 10337 8017 70 10342 CaveSpiderBurrow.tml
8014 65 6510 8029 73 6519 Archway.tml
8017 92 6059 8020 98 6063 StonePillar.tml
8021 68 6426 8034 100 6439 OreSpire.tml
8024 66 6317 8033 81 6326 MoaiHead.tml
8028 65 5370 8041 97 5383 OreSpire.tml
8029 65 7819 8032 69 7821 SkeletonHeadStatue.tml
8032 43 11098 8058 60 11106 shipwreck.tml
8036 63 5272 8046 72 5284 StoneHouseMruined.tml
8037 63 5795 8052 71 5810 Mausoleum.tml
8037 93 5901 8044 97 5908 TinyFarmField.tml
8047 64 5518 8054 68 5525 TinyFarmField.tml
8047 63 6720 8063 76 6732 Barn-intact.tml
8050 63 5200 8057 67 5207 TinyFarmField.tml
8057 98 5612 8064 103 5617 ZombieHut.tml
8061 44 9382 8072 60 9418 SunkenShip-v3.tml
8062 67 7996 8069 76 8003 Outcrop.tml
8067 63 11271 8097 100 11301 PirateShip.tml
8067 67 12099 8072 70 12106 Melonfield.tml
8068 66 6209 8073 72 6214 CaveSpiderBurrow.tml
8069 69 4802 8082 78 4815 VolcanicVent.tml
8071 63 4922 8075 69 4925 StonePillar.tml
8075 66 6584 8080 72 6589 CaveSpiderBurrow.tml
8082 70 10450 8086 76 10453 StonePillar.tml
8083 64 5086 8096 73 5099 VolcanicVent.tml
8085 46 11509 8093 63 11535 shipwreck.tml
8092 67 12016 8096 69 12020 EmeraldOreOutcrop.tml
8099 66 6406 8103 68 6410 EmeraldOreOutcrop.tml
8101 89 6118 8104 93 6120 SkeletonHeadStatue.tml
8103 62 5687 8108 68 5692 CaveSpiderBurrow.tml
8105 69 7905 8112 74 7910 ZombieHut.tml
8106 64 7748 8113 68 7755 TinyFarmField.tml
8111 67 6511 8114 71 6514 StoneGrill.tml
8111 61 5326 8120 76 5335 MoaiHead.tml
8119 69 5006 8122 73 5008 SkeletonHeadStatue.tml
8125 64 5402 8129 66 5406 EmeraldOreOutcrop.tml
8125 67 10784 8137 80 10800 Barn-intact.tml
8130 43 11871 8141 59 11907 SunkenShip-v3.tml
8132 88 5990 8142 97 6002 StoneHouseMruined.tml
8139 64 5166 8144 70 5171 CaveSpiderBurrow.tml
8141 44 10951 8177 68 10962 SunkenShip-v2.tml
8143 44 10949 8179 60 10960 SunkenShip-v3.tml
8152 64 6598 8164 73 6608 StoneHouseMruined.tml
8153 63 8000 8158 66 8007 Melonfield.tml
8156 101 5865 8159 105 5868 StoneGrill.tml
8157 62 4894 8164 71 4901 Outcrop.tml
8164 64 4814 8168 66 4818 EmeraldOreOutcrop.tml
8165 68 7101 8169 70 7105 EmeraldOreOutcrop.tml
8168 70 6276 8175 74 6283 TinyFarmField.tml
8171 65 5764 8191 79 5784 Altar.tml
8179 64 6369 8199 78 6389 Altar.tml
8186 65 7787 8191 71 7792 CaveSpiderBurrow.tml
8190 44 11797 8216 61 11805 shipwreck.tml
8196 68 5072 8209 100 5085 OreSpire.tml
8209 68 12048 8219 77 12060 StoneHouseMruined.tml
8223 63 5631 8227 69 5634 StonePillar.tml
8225 63 7428 8235 68 7438 RuinedSmallFountainDiagonal.tml
8227 63 7310 8234 67 7317 TinyFarmField.tml
8229 66 5196 8236 75 5203 Outcrop.tml
8230 65 7870 8242 70 7882 AncientFountain.tml
8230 73 6863 8233 77 6865 SkeletonHeadStatue.tml
8230 69 10677 8235 72 10684 PumpkinField.tml
8233 87 6031 8237 89 6035 EmeraldOreOutcrop.tml
8237 65 8103 8244 69 8110 TinyFarmField.tml
8243 72 8024 8247 74 8028 EmeraldOreOutcrop.tml
8246 90 6128 8259 122 6141 OreSpire.tml
8249 66 7056 8261 71 7068 AncientFountain.tml
8259 61 5485 8266 70 5492 Outcrop.tml
8261 91 5787 8264 95 5789 SkeletonHeadStatue.tml
8267 65 7785 8275 73 7796 MinersHut.tml
8268 43 11903 8304 67 11914 SunkenShip-v2.tml
8276 69 6380 8280 75 6383 StonePillar.tml
8279 66 6593 8286 70 6600 TinyFarmField.tml
8287 68 6665 8300 77 6678 VolcanicVent.tml
8295 64 6477 8298 68 6479 SkeletonHeadStatue.tml
8300 67 6270 8312 72 6282 AncientFountain.tml
8303 62 5610 8313 67 5620 RuinedSmallFountainDiagonal.tml
8305 62 7214 8313 70 7225 MinersHut.tml
8306 66 4882 8321 74 4891 Archway.tml
8311 62 4770 8320 77 4779 MoaiHead.tml
8312 85 7512 8319 94 7519 Outcrop.tml
8317 54 10612 8325 71 10638 shipwreck.tml
8320 70 5402 8333 79 5415 VolcanicVent.tml
8320 66 12077 8330 71 12087 RuinedSmallFountainDiagonal.tml
8321 56 7407 8325 62 7410 StonePillar.tml
8341 66 8039 8346 69 8046 PumpkinField.tml
8342 66 6946 8357 74 6955 Archway.tml
8354 89 5958 8366 102 5974 Barn-intact.tml
8356 65 5241 8359 69 5244 StoneGrill.tml
8365 63 7809 8377 72 7819 StoneHouseMruined.tml
8365 98 6060 8368 102 6062 SkeletonHeadStatue.tml
8372 63 6478 8381 71 6493 Archway.tml
8373 72 5100 8377 78 5103 StonePillar.tml
8373 88 5724 8380 91 5729 PumpkinField.tml
8375 74 6861 8379 80 6864 StonePillar.tml
8388 66 6762 8395 75 6769 Outcrop.tml
8392 65 6360 8402 70 6370 RuinedSmallFountainDiagonal.tml
8398 63 4991 8405 68 4996 ZombieHut.tml
8401 62 7911 8403 66 7914 SkeletonHeadStatue.tml
8401 43 12099 8409 60 12125 shipwreck.tml
8404 62 7115 8411 71 7122 Outcrop.tml
8407 41 11932 8418 57 11968 SunkenShip-v3.tml
8409 86 7695 8412 92 7699 StonePillar.tml
8409 107 6144 8414 113 6149 CaveSpiderBurrow.tml
8415 67 6683 8419 69 6687 EmeraldOreOutcrop.tml
8417 90 5813 8424 94 5820 TinyFarmField.tml
8425 65 5312 8427 69 5315 SkeletonHeadStatue.tml
8426 66 4873 8433 69 4878 Melonfield.tml
8431 42 12286 8467 58 12297 SunkenShip-v3.tml
8435 80 7620 8438 84 7622 SkeletonHeadStatue.tml
8442 44 10596 8478 60 10607 SunkenShip-v3.tml
8443 62 4795 8446 66 4798 StoneGrill.tml
8449 90 5604 8454 95 5611 ZombieHut.tml
8454 64 4585 8461 68 4592 TinyFarmField.tml
8454 65 5479 8467 97 5492 OreSpire.tml
8456 62 4670 8459 68 4674 StonePillar.tml
8457 63 7821 8466 78 7830 MoaiHead.tml
8469 68 5089 8482 77 5102 VolcanicVent.tml
8479 69 5179 8486 72 5184 PumpkinField.tml
8484 64 8081 8491 73 8088 Outcrop.tml
8486 71 6893 8493 75 6900 TinyFarmField.tml
8490 82 6806 8493 86 6809 StoneGrill.tml
8491 68 7527 8503 73 7539 AncientFountain.tml
8491 89 5853 8496 95 5858 CaveSpiderBurrow.tml
8492 63 7137 8502 72 7149 StoneHouseMruined.tml
8492 88 5736 8524 110 5769 CastleModified.tml
8495 39 12193 8531 63 12204 SunkenShip-v2.tml
8498 67 6562 8511 99 6575 OreSpire.tml
8499 71 4980 8512 103 4993 OreSpire.tml
8507 68 7330 8514 72 7337 TinyFarmField.tml
8509 83 6391 8512 87 6394 StoneGrill.tml
8521 62 7916 8526 68 7921 CaveSpiderBurrow.tml
8521 65 5304 8528 69 5311 TinyFarmField.tml
8522 71 6651 8534 76 6663 AncientFountain.tml
8533 63 4722 8540 72 4729 Outcrop.tml
8536 63 7993 8545 71 8008 Archway.tml
8536 62 7825 8541 65 7832 Melonfield.tml
8536 66 5511 8539 72 5515 StonePillar.tml
8544 140 7286 8548 142 7290 EmeraldOreOutcrop.tml
8554 64 4831 8558 66 4835 EmeraldOreOutcrop.tml
8561 65 6786 8569 73 6797 MinersHut.tml
8565 76 7689 8569 78 7693 EmeraldOreOutcrop.tml
8570 97 5976 8573 101 5979 StoneGrill.tml
8570 88 5842 8577 97 5849 Outcrop.tml
8573 92 5634 8585 97 5646 AncientFountain.tml
8577 62 8089 8587 67 8099 RuinedSmallFountainDiagonal.tml
8579 62 5424 8586 71 5431 Outcrop.tml
8587 66 11817 8594 69 11822 Melonfield.tml
8595 71 6871 8605 76 6881 RuinedSmallFountainDiagonal.tml
8600 61 12295 8607 70 12302 Outcrop.tml
8603 67 7021 8616 76 7034 VolcanicVent.tml
8606 66 12003 8613 75 12010 Outcrop.tml
8612 66 6489 8621 81 6498 MoaiHead.tml
8617 51 4554 8628 75 4590 SunkenShip-v2.tml
8617 64 4681 8630 96 4694 OreSpire.tml
8618 63 7802 8628 68 7812 RuinedSmallFountainDiagonal.tml
8622 72 7179 8625 78 7183 StonePillar.tml
8622 62 12211 8632 67 12221 RuinedSmallFountainDiagonal.tml
8625 81 4776 8630 87 4781 CaveSpiderBurrow.tml
8632 66 6685 8639 71 6690 ZombieHut.tml
8633 67 5141 8643 76 5153 StoneHouseMruined.tml
8641 99 5747 8645 101 5751 EmeraldOreOutcrop.tml
8649 65 6265 8658 73 6280 Archway.tml
8659 65 11905 8662 69 11907 SkeletonHeadStatue.tml
8667 65 4967 8679 70 4979 AncientFountain.tml
8667 67 6195 8670 73 6199 StonePillar.tml
8669 65 5459 8672 69 5462 StoneGrill.tml
8671 110 7265 8678 119 7272 Outcrop.tml
8671 71 5236 8681 76 5246 RuinedSmallFountainDiagonal.tml
8673 66 6084 8683 71 6094 RuinedSmallFountainDiagonal.tml
8686 94 5871 8691 97 5878 PumpkinField.tml
8688 66 12021 8695 70 12028 TinyFarmField.tml
8695 65 5600 8702 69 5607 TinyFarmField.tml
8699 67 5961 8706 72 5966 ZombieHut.tml
8700 40 4606 8736 56 4617 SunkenShip-v3.tml
8702 67 12461 8705 73 12465 StonePillar.tml
8703 69 6425 8708 72 6432 PumpkinField.tml
8707 64 12357 8719 69 12369 AncientFountain.tml
8713 62 6803 8716 68 6807 StonePillar.tml
8727 87 6308 8740 96 6321 VolcanicVent.tml
8728 66 5057 8737 81 5066 MoaiHead.tml
8732 87 7022 8734 91 7025 SkeletonHeadStatue.tml
8743 37 4682 8769 54 4690 shipwreck.tml
8746 70 5239 8753 73 5244 Melonfield.tml
8746 46 12217 8757 62 12253 SunkenShip-v3.tml
8746 63 6711 8758 72 6721 StoneHouseMruined.tml
8755 63 4817 8760 68 4824 ZombieHut.tml
8755 64 6550 8762 68 6557 TinyFarmField.tml
8759 71 5521 8774 79 5530 Archway.tml
8770 45 12012 8778 62 12038 shipwreck.tml
8773 71 6212 8777 73 6216 EmeraldOreOutcrop.tml
8778 66 6396 8781 70 6399 StoneGrill.tml
8782 60 6829 8785 64 6832 StoneGrill.tml
8784 66 6070 8786 70 6073 SkeletonHeadStatue.tml
8784 99 5710 8789 102 5717 Melonfield.tml
8790 63 4915 8797 67 4922 TinyFarmField.tml
8809 71 5391 8812 75 5393 SkeletonHeadStatue.tml
8820 43 5136 8846 60 5144 shipwreck.tml
8831 66 12475 8846 74 12484 Archway.tml
8841 63 5502 8845 69 5505 StonePillar.tml
8842 78 12344 8846 80 12348 EmeraldOreOutcrop.tml
8847 46 12041 8858 70 12077 SunkenShip-v2.tml
8861 64 5592 8866 69 5599 ZombieHut.tml
8864 71 6400 8871 80 6407 Outcrop.tml
8869 66 6307 8874 72 6312 CaveSpiderBurrow.tml
8876 69 6752 8881 75 6757 CaveSpiderBurrow.tml
8883 104 5769 8886 110 5773 StonePillar.tml
8889 65 5226 8896 74 5233 Outcrop.tml
8912 73 5393 8916 75 5397 EmeraldOreOutcrop.tml
8913 67 6829 8920 71 6836 TinyFarmField.tml
8918 68 6191 8931 100 6204 OreSpire.tml
8920 68 6078 8929 76 6093 Archway.tml
8928 66 5298 8948 80 5318 Altar.tml
8933 50 12337 8959 67 12345 shipwreck.tml
8937 62 5562 8949 67 5574 AncientFountain.tml
8945 68 6311 8957 77 6321 StoneHouseMruined.tml
8950 67 5465 8960 76 5477 StoneHouseMruined.tml
8953 73 6388 8956 77 6390 SkeletonHeadStatue.tml
8970 69 12480 8981 90 12492 JungleTreePlatform_edit.tml
8981 46 5171 8992 70 5207 SunkenShip-v2.tml
8982 68 12571 8995 77 12584 VolcanicVent.tml
9004 69 6609 9015 77 6617 MinersHut.tml
9010 79 12687 9014 85 12690 StonePillar.tml
9011 66 6184 9018 70 6191 TinyFarmField.tml
9013 76 6797 9015 80 6800 SkeletonHeadStatue.tml
9024 63 5688 9029 69 5693 CaveSpiderBurrow.tml
9033 41 12174 9069 57 12185 SunkenShip-v3.tml
9040 64 5469 9055 72 5478 Archway.tml
9066 43 5239 9102 59 5250 SunkenShip-v3.tml
9070 63 5763 9077 72 5770 Outcrop.tml
9075 64 6328 9078 70 6332 StonePillar.tml
9075 69 12512 9078 73 12515 StoneGrill.tml
9079 44 12352 9090 68 12388 SunkenShip-v2.tml
9080 65 6862 9092 70 6874 AncientFountain.tml
9083 66 6665 9093 75 6677 StoneHouseMruined.tml
9094 68 6241 9106 73 6253 AncientFountain.tml
9111 65 6110 9123 78 6126 Barn-intact.tml
9114 69 6778 9118 71 6782 EmeraldOreOutcrop.tml
9119 44 5144 9127 61 5170 shipwreck.tml
9121 68 5479 9131 73 5489 RuinedSmallFountainDiagonal.tml
9139 78 5672 9143 80 5676 EmeraldOreOutcrop.tml
9143 67 12626 9150 76 12633 Outcrop.tml
9155 48 12550 9191 64 12561 SunkenShip-v3.tml
9165 63 12725 9170 68 12733 JungleThroneWood.tml
9173 70 6287 9183 75 6297 RuinedSmallFountainDiagonal.tml
9187 102 6497 9196 117 6506 MoaiHead.tml
9192 108 6385 9196 110 6389 EmeraldOreOutcrop.tml
9210 87 6653 9217 96 6660 Outcrop.tml
9217 74 6111 9230 106 6124 OreSpire.tml
9224 44 4947 9260 60 4958 SunkenShip-v3.tml
9231 42 12642 9257 59 12650 shipwreck.tml
9243 65 5853 9247 71 5856 StonePillar.tml
9251 62 6816 9266 70 6825 Archway.tml
9256 66 6218 9266 75 6230 StoneHouseMruined.tml
9260 64 12760 9270 69 12770 RuinedSmallFountainDiagonal.tml
9262 47 5553 9288 64 5561 shipwreck.tml
9263 44 5121 9274 68 5157 SunkenShip-v2.tml
9265 63 13199 9274 78 13208 MoaiHead.tml
9266 72 12854 9273 76 12861 TinyFarmField.tml
9281 65 13094 9289 70 13099 JungleThroneWood.tml
9283 91 6593 9295 96 6605 AncientFountain.tml
9296 96 6403 9299 100 6405 SkeletonHeadStatue.tml
9296 67 6112 9300 69 6116 EmeraldOreOutcrop.tml
9300 63 13281 9310 68 13291 RuinedSmallFountainDiagonal.tml
9315 111 13545 9318 115 13548 StoneGrill.tml
9318 65 5746 9321 69 5748 SkeletonHeadStatue.tml
9320 64 13401 9327 73 13408 Outcrop.tml
9322 65 5929 9325 69 5932 StoneGrill.tml
9322 65 12684 9325 69 12686 SkeletonHeadStatue.tml
9340 63 6752 9342 67 6755 SkeletonHeadStatue.tml
9343 97 5203 9346 101 5206 StoneGrill.tml
9345 63 6881 9350 66 6888 PumpkinField.tml
9349 62 13181 9356 66 13188 TinyFarmField.tml
9357 43 5559 9393 59 5570 SunkenShip-v3.tml
9371 43 5548 9382 67 5584 SunkenShip-v2.tml
9382 65 13082 9385 71 13086 StonePillar.tml
9387 67 12825 9400 76 12838 VolcanicVent.tml
9389 62 5846 9399 67 5856 RuinedSmallFountainDiagonal.tml
9390 70 12915 9402 91 12928 JungleTreePlatform.tml
9406 47 12637 9417 71 12673 SunkenShip-v2.tml
9416 69 5979 9423 78 5986 Outcrop.tml
9419 63 13313 9422 67 13315 SkeletonHeadStatue.tml
9419 50 6521 9427 67 6547 shipwreck.tml
9430 62 6371 9437 66 6378 TinyFarmField.tml
9436 65 6726 9440 67 6730 EmeraldOreOutcrop.tml
9436 64 5004 9440 66 5008 EmeraldOreOutcrop.tml
9440 67 6886 9447 71 6893 TinyFarmField.tml
9458 65 5078 9465 70 5083 ZombieHut.tml
9479 67 6063 9488 75 6078 Archway.tml
9479 64 5839 9484 70 5844 CaveSpiderBurrow.tml
9482 90 6182 9485 96 6186 StonePillar.tml
9492 43 12824 9528 59 12835 SunkenShip-v3.tml
9493 73 13690 9496 79 13694 StonePillar.tml
9495 45 6623 9506 61 6659 SunkenShip-v3.tml
9499 64 13055 9504 70 13060 CaveSpiderBurrow.tml
9507 68 6982 9516 83 6991 MoaiHead.tml
9518 89 13399 9525 92 13404 Melonfield.tml
9523 62 5187 9534 70 5195 MinersHut.tml
9533 69 4962 9546 78 4975 VolcanicVent.tml
9536 63 6851 9543 66 6856 Melonfield.tml
9540 42 6400 9576 66 6411 SunkenShip-v2.tml
9542 62 4613 9549 71 4620 Outcrop.tml
9545 44 5746 9571 61 5754 shipwreck.tml
9548 65 6287 9561 97 6300 OreSpire.tml
9551 64 5820 9555 66 5824 EmeraldOreOutcrop.tml
9555 68 5992 9568 77 6005 VolcanicVent.tml
9555 44 13157 9563 61 13183 shipwreck.tml
9561 62 6771 9573 67 6783 AncientFountain.tml
9569 65 5905 9578 80 5914 MoaiHead.tml
9579 43 4401 9605 60 4409 shipwreck.tml
9584 67 5063 9591 76 5070 Outcrop.tml
9589 43 4498 9600 67 4534 SunkenShip-v2.tml
9591 63 13503 9595 65 13507 EmeraldOreOutcrop.tml
9596 45 4794 9607 69 4830 SunkenShip-v2.tml
9603 64 6957 9607 70 6960 StonePillar.tml
9607 47 4686 9633 64 4694 shipwreck.tml
9608 44 12944 9644 68 12955 SunkenShip-v2.tml
9619 67 5202 9628 75 5217 Archway.tml
9625 45 4954 9651 62 4962 shipwreck.tml
9637 65 6866 9642 71 6871 CaveSpiderBurrow.tml
9649 46 6231 9685 62 6242 SunkenShip-v3.tml
9649 61 13339 9652 67 13343 StonePillar.tml
9653 43 5646 9664 67 5682 SunkenShip-v2.tml
9655 62 5903 9662 66 5910 TinyFarmField.tml
9655 43 12837 9681 60 12845 shipwreck.tml
9658 61 6780 9665 70 6787 Outcrop.tml
9660 65 7032 9663 69 7035 StoneGrill.tml
9662 44 5748 9673 60 5784 SunkenShip-v3.tml
9663 63 13434 9670 72 13441 Outcrop.tml
9677 42 4827 9688 58 4863 SunkenShip-v3.tml
9679 65 6114 9686 70 6119 ZombieHut.tml
9684 63 6311 9714 100 6341 PirateShip.tml
9704 45 4488 9715 61 4524 SunkenShip-v3.tml
9708 71 5115 9712 73 5119 EmeraldOreOutcrop.tml
9713 66 13896 9718 71 13903 ZombieHut.tml
9717 49 6677 9743 66 6685 shipwreck.tml
9733 70 5032 9745 75 5044 AncientFountain.tml
9740 65 14074 9749 80 14083 MoaiHead.tml
9744 64 6590 9751 68 6597 TinyFarmField.tml
9744 41 5228 9755 57 5264 SunkenShip-v3.tml
9760 63 6075 9770 68 6085 RuinedSmallFountainDiagonal.tml
9766 66 13230 9770 68 13234 EmeraldOreOutcrop.tml
9769 70 6890 9773 72 6894 EmeraldOreOutcrop.tml
9771 71 7009 9774 75 7011 SkeletonHeadStatue.tml
9772 68 6165 9776 70 6169 EmeraldOreOutcrop.tml
9784 66 13819 9788 72 13822 StonePillar.tml
9793 66 13578 9795 70 13581 SkeletonHeadStatue.tml
9798 44 12920 9809 60 12956 SunkenShip-v3.tml
9798 68 13888 9801 72 13890 SkeletonHeadStatue.tml
9802 61 13468 9811 69 13483 Archway.tml
9817 43 5130 9853 67 5141 SunkenShip-v2.tml
9818 66 14056 9831 75 14069 VolcanicVent.tml
9824 46 6539 9835 62 6575 SunkenShip-v3.tml
9834 62 13712 9841 66 13719 TinyFarmField.tml
9840 63 6815 9845 68 6822 ZombieHut.tml
9841 46 13163 9849 63 13189 shipwreck.tml
9844 44 5786 9852 61 5812 shipwreck.tml
9850 44 6315 9861 68 6351 SunkenShip-v2.tml
9861 75 6137 9868 84 6144 Outcrop.tml
9874 64 13609 9879 69 13616 ZombieHut.tml
9874 70 13790 9886 75 13802 AncientFountain.tml
9881 62 13416 9886 68 13421 CaveSpiderBurrow.tml
9882 42 5966 9893 66 6002 SunkenShip-v2.tml
9890 43 4237 9901 67 4273 SunkenShip-v2.tml
9892 63 13315 9899 67 13322 TinyFarmField.tml
9896 44 4252 9907 68 4288 SunkenShip-v2.tml
9898 64 6975 9902 70 6978 StonePillar.tml
9900 63 4905 9904 69 4908 StonePillar.tml
9902 50 13042 9938 74 13053 SunkenShip-v2.tml
9905 69 4808 9912 72 4813 PumpkinField.tml
9908 63 6664 9912 69 6667 StonePillar.tml
9909 41 4575 9917 58 4601 shipwreck.tml
9909 43 4582 9920 67 4618 SunkenShip-v2.tml
9912 43 6213 9938 60 6221 shipwreck.tml
9912 62 13500 9915 66 13503 StoneGrill.tml
9920 65 6806 9933 74 6819 VolcanicVent.tml
9935 65 13881 9945 70 13891 RuinedSmallFountainDiagonal.tml
9940 44 3977 9951 60 4013 SunkenShip-v3.tml
9942 43 12891 9968 60 12899 shipwreck.tml
9951 65 13979 9958 74 13986 Outcrop.tml
9953 64 13641 9957 66 13645 EmeraldOreOutcrop.tml
9960 192 14187 9964 198 14190 StonePillar.tml
9962 64 6884 9965 68 6887 StoneGrill.tml
9970 62 13292 9982 67 13304 AncientFountain.tml
9977 44 4306 9988 60 4342 SunkenShip-v3.tml
9983 81 14299 9993 90 14311 StoneHouseMruined.tml
9997 63 6964 10004 67 6971 TinyFarmField.tml
10000 71 6662 10007 80 6669 Outcrop.tml
10001 63 13183 10004 67 13186 StoneGrill.tml
10018 62 13382 10021 68 13386 StonePillar.tml
10021 67 13798 10030 82 13807 MoaiHead.tml
10023 70 6587 10026 74 6590 StoneGrill.tml
10050 61 13276 10055 64 13283 Melonfield.tml
10051 67 4079 10054 73 4083 StonePillar.tml
10053 68 4161 10057 70 4165 EmeraldOreOutcrop.tml
10065 141 13941 10069 143 13945 EmeraldOreOutcrop.tml
10065 63 6833 10070 69 6838 CaveSpiderBurrow.tml
10071 194 14084 10086 202 14099 Mausoleum.tml
10085 51 4259 10093 68 4285 shipwreck.tml
10105 49 3960 10113 66 3986 shipwreck.tml
10114 97 14187 10123 112 14196 MoaiHead.tml
10120 63 6620 10125 68 6627 ZombieHut.tml
10122 86 6987 10126 88 6991 EmeraldOreOutcrop.tml
10131 47 13682 10167 71 13693 SunkenShip-v2.tml
10134 71 4073 10137 75 4076 StoneGrill.tml
10138 61 14304 10145 64 14309 Melonfield.tml
10142 146 14006 10145 150 14009 StoneGrill.tml
10154 63 6885 10161 66 6890 PumpkinField.tml
10155 193 14084 10162 197 14091 TinyFarmField.tml
10172 45 4162 10183 69 4198 SunkenShip-v2.tml
10176 43 13428 10187 59 13464 SunkenShip-v3.tml
10179 66 6693 10186 70 6700 TinyFarmField.tml
10196 46 13589 10204 63 13615 shipwreck.tml
10205 89 13805 10210 92 13812 Melonfield.tml
10208 45 13314 10219 69 13350 SunkenShip-v2.tml
10217 90 6798 10224 93 6803 Melonfield.tml
10226 40 4021 10262 56 4032 SunkenShip-v3.tml
10230 89 13922 10232 93 13925 SkeletonHeadStatue.tml
10232 63 13070 10262 100 13100 PirateShip.tml
10240 62 14235 10249 70 14250 Archway.tml
10254 42 13241 10280 59 13249 shipwreck.tml
10260 62 14319 10265 68 14324 CaveSpiderBurrow.tml
10285 63 3904 10315 100 3934 PirateShip.tml
10296 66 6728 10300 72 6731 StonePillar.tml
10298 40 6515 10324 57 6523 shipwreck.tml
10304 69 13803 10309 75 13808 CaveSpiderBurrow.tml
10307 96 13931 10316 104 13946 Archway.tml
10348 201 14102 10352 203 14106 EmeraldOreOutcrop.tml
10353 48 3635 10361 65 3661 shipwreck.tml
10357 44 6645 10393 68 6656 SunkenShip-v2.tml
10378 66 13764 10381 72 13768 StonePillar.tml
10398 45 3823 10409 69 3859 SunkenShip-v2.tml
10400 68 6826 10410 73 6836 RuinedSmallFountainDiagonal.tml
10401 48 14228 10437 72 14239 SunkenShip-v2.tml
10406 61 13243 10413 64 13248 PumpkinField.tml
10413 66 6993 10417 68 6997 EmeraldOreOutcrop.tml
10426 48 14135 10434 65 14161 shipwreck.tml
10442 67 7071 10449 71 7078 TinyFarmField.tml
10451 65 3637 10467 78 3649 Barn-intact.tml
10459 44 13376 10470 60 13412 SunkenShip-v3.tml
10464 64 3646 10469 70 3651 CaveSpiderBurrow.tml
10471 62 3385 10491 76 3405 Altar.tml
10479 66 6882 10495 79 6894 Barn-intact.tml
10480 64 13680 10493 96 13693 OreSpire.tml
10488 47 13575 10496 64 13601 shipwreck.tml
10492 44 3198 10503 60 3234 SunkenShip-v3.tml
10494 69 3501 10499 74 3508 ZombieHut.tml
10495 62 13875 10507 67 13887 AncientFountain.tml
10497 66 2561 10504 71 2566 ZombieHut.tml
10499 65 13795 10503 67 13799 EmeraldOreOutcrop.tml
10499 64 13975 10501 68 13978 SkeletonHeadStatue.tml
10504 47 3930 10530 64 3938 shipwreck.tml
10506 51 6632 10542 67 6643 SunkenShip-v3.tml
10512 77 6783 10521 85 6798 Archway.tml
10531 89 14142 10534 93 14145 StoneGrill.tml
10538 65 3611 10550 86 3622 JungleTreePlatform_edit.tml
10549 64 12899 10561 73 12909 StoneHouseMruined.tml
10556 44 3812 10567 60 3848 SunkenShip-v3.tml
10560 43 2842 10571 59 2878 SunkenShip-v3.tml
10564 43 13595 10600 67 13606 SunkenShip-v2.tml
10575 73 2681 10579 79 2684 StonePillar.tml
10577 42 2987 10603 59 2995 shipwreck.tml
10579 68 3095 10584 74 3100 CaveSpiderBurrow.tml
10597 65 2485 10607 74 2497 StoneHouseMruined.tml
10600 63 6938 10607 72 6945 Outcrop.tml
10604 67 2574 10615 75 2582 MinersHut.tml
10611 66 2359 10623 71 2371 AncientFountain.tml
10613 62 13836 10620 65 13841 PumpkinField.tml
10627 62 3538 10631 68 3541 StonePillar.tml
10638 62 3316 10643 65 3323 PumpkinField.tml
10644 43 12699 10680 67 12710 SunkenShip-v2.tml
10648 44 6675 10656 61 6701 shipwreck.tml
10658 62 13906 10665 71 13913 Outcrop.tml
10660 44 7037 10671 60 7073 SunkenShip-v3.tml
10661 64 3390 10668 68 3397 TinyFarmField.tml
10670 44 13697 10681 60 13733 SunkenShip-v3.tml
10670 66 2699 10677 70 2706 TinyFarmField.tml
10671 67 2966 10678 71 2973 TinyFarmField.tml
10672 68 3623 10679 77 3630 Outcrop.tml
10673 44 12876 10699 61 12884 shipwreck.tml
10675 44 12861 10686 60 12897 SunkenShip-v3.tml
10675 54 6584 10711 78 6595 SunkenShip-v2.tml
10676 67 2802 10688 80 2818 Barn-intact.tml
10677 67 3151 10682 72 3158 ZombieHut.tml
10686 72 6957 10690 74 6961 EmeraldOreOutcrop.tml
10691 42 12550 10702 58 12586 SunkenShip-v3.tml
10697 65 3518 10701 67 3522 EmeraldOreOutcrop.tml
10703 41 12540 10714 57 12576 SunkenShip-v3.tml
10713 73 2417 10716 77 2419 SkeletonHeadStatue.tml
10715 68 3057 10727 77 3067 StoneHouseMruined.tml
10716 66 2582 10721 69 2589 Melonfield.tml
10725 71 6864 10728 75 6867 StoneGrill.tml
10726 42 6376 10734 59 6402 shipwreck.tml
10733 62 13850 10743 67 13860 RuinedSmallFountainDiagonal.tml
10734 67 6699 10739 73 6704 CaveSpiderBurrow.tml
10736 68 2498 10745 76 2513 Archway.tml
10742 74 2689 10746 76 2693 EmeraldOreOutcrop.tml
10763 63 13631 10771 71 13642 MinersHut.tml
10768 44 7009 10794 61 7017 shipwreck.tml
10771 67 3653 10774 71 3655 SkeletonHeadStatue.tml
10774 65 2848 10777 69 2851 StoneGrill.tml
10778 66 3568 10786 74 3579 MinersHut.tml
10794 70 3118 10798 72 3122 EmeraldOreOutcrop.tml
10801 40 6266 10812 64 6302 SunkenShip-v2.tml
10809 68 2949 10819 73 2959 RuinedSmallFountainDiagonal.tml
10809 66 2259 10813 72 2262 StonePillar.tml
10817 46 6737 10853 62 6748 SunkenShip-v3.tml
10820 43 3434 10831 67 3470 SunkenShip-v2.tml
10822 41 12486 10830 58 12512 shipwreck.tml
10822 65 6656 10834 74 6666 StoneHouseMruined.tml
10832 46 3259 10858 63 3267 shipwreck.tml
10834 64 2333 10841 68 2340 TinyFarmField.tml
10836 71 2771 10839 77 2775 StonePillar.tml
10838 48 6763 10874 64 6774 SunkenShip-v3.tml
10845 44 13696 10853 61 13722 shipwreck.tml
10850 69 2596 10863 78 2609 VolcanicVent.tml
10852 62 13840 10855 68 13844 StonePillar.tml
10852 46 13921 10888 70 13932 SunkenShip-v2.tml
10861 66 6985 10872 77 6994 ArrowTrapTomb.tml
10876 42 2424 10912 58 2435 SunkenShip-v3.tml
10881 39 2145 10917 55 2156 SunkenShip-v3.tml
10893 41 2412 10901 58 2438 shipwreck.tml
10900 45 6899 10936 69 6910 SunkenShip-v2.tml
10905 44 6457 10941 60 6468 SunkenShip-v3.tml
10907 63 12908 10917 72 12920 StoneHouseMruined.tml
10938 43 2581 10949 67 2617 SunkenShip-v2.tml
10960 44 6713 10986 61 6721 shipwreck.tml
10973 43 2272 10984 67 2308 SunkenShip-v2.tml
11001 66 12721 11005 68 12725 EmeraldOreOutcrop.tml
11017 62 12971 11022 67 12978 ZombieHut.tml
11031 69 12873 11036 72 12880 PumpkinField.tml
11033 40 13068 11044 56 13104 SunkenShip-v3.tml
11035 44 2102 11043 61 2128 shipwreck.tml
11049 43 12607 11060 67 12643 SunkenShip-v2.tml
11091 46 12956 11127 70 12967 SunkenShip-v2.tml
11138 42 12713 11146 59 12739 shipwreck.tml
11148 47 13066 11156 64 13092 shipwreck.tml
11164 42 2501 11190 59 2509 shipwreck.tml
11171 45 13490 11182 61 13526 SunkenShip-v3.tml
11239 68 13038 11246 72 13045 TinyFarmField.tml
11249 42 12741 11260 58 12777 SunkenShip-v3.tml
11262 202 13380 11266 208 13383 StonePillar.tml
11312 62 6026 11317 68 6031 CaveSpiderBurrow.tml
11325 67 12977 11328 73 12981 StonePillar.tml
11325 70 1906 11332 75 1911 ZombieHut.tml
11344 67 13563 11347 71 13565 SkeletonHeadStatue.tml
11346 64 13062 11359 73 13075 VolcanicVent.tml
11347 67 13437 11354 76 13444 Outcrop.tml
11369 43 12662 11380 67 12698 SunkenShip-v2.tml
11400 66 13351 11407 70 13358 TinyFarmField.tml
11418 69 12942 11422 71 12946 EmeraldOreOutcrop.tml
11422 63 13486 11427 68 13493 ZombieHut.tml
11428 62 5681 11437 77 5690 MoaiHead.tml
11444 63 13018 11456 68 13030 AncientFountain.tml
11453 68 13215 11456 72 13217 SkeletonHeadStatue.tml
11493 66 12865 11496 70 12867 SkeletonHeadStatue.tml
11496 67 12670 11505 75 12685 Archway.tml
11512 62 13139 11524 71 13149 StoneHouseMruined.tml
11513 64 5450 11520 68 5457 TinyFarmField.tml
11521 66 13059 11528 75 13066 Outcrop.tml
11533 68 13371 11546 77 13384 VolcanicVent.tml
11550 61 13548 11555 67 13553 CaveSpiderBurrow.tml
11565 61 12913 11572 64 12918 Melonfield.tml
11577 63 2083 11582 69 2088 CaveSpiderBurrow.tml
11585 68 13302 11589 70 13306 EmeraldOreOutcrop.tml
11596 64 13055 11600 70 13058 StonePillar.tml
11598 63 1834 11628 100 1864 PirateShip.tml
11633 81 13137 11640 84 13142 PumpkinField.tml
11634 47 5536 11670 63 5547 SunkenShip-v3.tml
11637 65 12858 11653 78 12870 Barn-intact.tml
11655 77 13296 11658 81 13299 StoneGrill.tml
11658 44 5452 11684 61 5460 shipwreck.tml
11677 61 13040 11682 67 13045 CaveSpiderBurrow.tml
11700 65 5825 11707 69 5832 TinyFarmField.tml
11704 68 12957 11708 70 12961 EmeraldOreOutcrop.tml
11726 44 5204 11762 60 5215 SunkenShip-v3.tml
11754 45 3969 11790 61 3980 SunkenShip-v3.tml
11776 43 5461 11812 67 5472 SunkenShip-v2.tml
11783 46 3876 11819 70 3887 SunkenShip-v2.tml
11785 44 4466 11796 68 4502 SunkenShip-v2.tml
11807 41 3684 11843 57 3695 SunkenShip-v3.tml
11821 42 4220 11847 59 4228 shipwreck.tml
11830 43 4239 11841 59 4275 SunkenShip-v3.tml
11844 42 5191 11880 66 5202 SunkenShip-v2.tml
11865 41 4502 11891 58 4510 shipwreck.tml
11879 63 4409 11882 67 4412 StoneGrill.tml
11905 42 4774 11941 66 4785 SunkenShip-v2.tml
11919 65 3771 11924 71 3776 CaveSpiderBurrow.tml
11923 38 1268 11934 62 1304 SunkenShip-v2.tml
11930 48 3912 11938 65 3938 shipwreck.tml
11936 42 4778 11947 66 4814 SunkenShip-v2.tml
11944 66 5371 11956 87 5384 JungleTreePlatform.tml
11955 62 1560 11962 71 1567 Outcrop.tml
11959 69 3654 11962 73 3657 StoneGrill.tml
11961 43 5536 11972 59 5572 SunkenShip-v3.tml
11970 65 4283 11980 70 4293 RuinedSmallFountainDiagonal.tml
11987 68 5451 11991 70 5455 EmeraldOreOutcrop.tml
11992 53 3395 12018 70 3403 shipwreck.tml
12003 45 1174 12029 62 1182 shipwreck.tml
12007 63 3993 12010 69 3997 StonePillar.tml
12011 43 4151 12022 67 4187 SunkenShip-v2.tml
12023 43 3152 12034 59 3188 SunkenShip-v3.tml
12023 69 5285 12035 90 5296 JungleTreePlatform_edit.tml
12024 43 5140 12032 60 5166 shipwreck.tml
12025 44 4944 12061 60 4955 SunkenShip-v3.tml
12029 64 3718 12033 66 3722 EmeraldOreOutcrop.tml
12031 65 4372 12046 73 4387 Mausoleum.tml
12041 45 4642 12077 61 4653 SunkenShip-v3.tml
12049 44 4920 12060 60 4956 SunkenShip-v3.tml
12055 75 3903 12065 80 3913 RuinedSmallFountainDiagonal.tml
12056 40 1590 12067 56 1626 SunkenShip-v3.tml
12065 63 3566 12080 71 3575 Archway.tml
12065 63 3801 12075 72 3813 StoneHouseMruined.tml
12065 41 5449 12091 58 5457 shipwreck.tml
12066 42 1453 12074 59 1479 shipwreck.tml
12080 42 3255 12091 66 3291 SunkenShip-v2.tml
12080 42 1253 12091 58 1289 SunkenShip-v3.tml
12082 46 4790 12090 63 4816 shipwreck.tml
12084 65 1068 12096 78 1084 Barn-intact.tml
12087 43 3264 12098 67 3300 SunkenShip-v2.tml
12087 44 4461 12123 68 4472 SunkenShip-v2.tml
12090 73 3649 12093 77 3651 SkeletonHeadStatue.tml
12098 65 4290 12108 74 4302 StoneHouseMruined.tml
12114 45 5226 12125 61 5262 SunkenShip-v3.tml
12131 65 965 12133 69 968 SkeletonHeadStatue.tml
12147 111 4918 12151 117 4921 StonePillar.tml
12149 73 3493 12159 82 3505 StoneHouseMruined.tml
12152 70 3925 12155 74 3927 SkeletonHeadStatue.tml
12153 63 866 12160 72 873 Outcrop.tml
12154 73 3824 12161 82 3831 Outcrop.tml
12156 43 5526 12192 67 5537 SunkenShip-v2.tml
12162 66 1316 12166 68 1320 EmeraldOreOutcrop.tml
12163 90 3339 12165 94 3342 SkeletonHeadStatue.tml
12168 93 4803 12172 95 4807 EmeraldOreOutcrop.tml
12171 62 3726 12176 65 3733 PumpkinField.tml
12191 89 3262 12196 95 3267 CaveSpiderBurrow.tml
12193 66 5303 12198 72 5308 CaveSpiderBurrow.tml
12195 51 4518 12221 68 4526 shipwreck.tml
12205 69 4334 12210 72 4341 PumpkinField.tml
12217 67 4413 12221 69 4417 EmeraldOreOutcrop.tml
12220 62 3633 12227 66 3640 TinyFarmField.tml
12228 43 5171 12239 67 5207 SunkenShip-v2.tml
12233 68 3459 12238 71 3466 Melonfield.tml
12236 80 4971 12241 83 4978 Melonfield.tml
12241 62 1265 12253 71 1275 StoneHouseMruined.tml
12244 63 4639 12254 68 4649 RuinedSmallFountainDiagonal.tml
12246 75 3714 12249 81 3718 StonePillar.tml
12249 105 4842 12254 111 4847 CaveSpiderBurrow.tml
12260 62 937 12275 70 946 Archway.tml
12269 63 5408 12276 72 5415 Outcrop.tml
12273 61 1165 12276 65 1168 StoneGrill.tml
12288 66 819 12300 71 831 AncientFountain.tml
12293 61 1375 12300 64 1380 Melonfield.tml
12294 87 3234 12306 100 3250 Barn-intact.tml
12303 63 4532 12318 71 4541 Archway.tml
12307 66 5292 12314 70 5299 TinyFarmField.tml
12311 37 1038 12322 61 1074 SunkenShip-v2.tml
12321 44 3143 12347 61 3151 shipwreck.tml
12327 62 1240 12334 71 1247 Outcrop.tml
12328 70 4883 12335 74 4890 TinyFarmField.tml
12329 64 4421 12332 68 4423 SkeletonHeadStatue.tml
12331 41 1063 12339 58 1089 shipwreck.tml
12336 71 4338 12343 76 4343 ZombieHut.tml
12339 76 740 12344 81 747 ZombieHut.tml
12360 94 3355 12367 103 3362 Outcrop.tml
12374 81 4980 12381 90 4987 Outcrop.tml
12383 42 1398 12394 58 1434 SunkenShip-v3.tml
12386 65 4507 12393 69 4514 TinyFarmField.tml
12395 91 3281 12399 93 3285 EmeraldOreOutcrop.tml
12396 62 4584 12400 68 4587 StonePillar.tml
12400 43 5209 12408 60 5235 shipwreck.tml
12402 44 5489 12438 60 5500 SunkenShip-v3.tml
12408 44 881 12419 60 917 SunkenShip-v3.tml
12417 63 5300 12447 100 5330 PirateShip.tml
12418 63 4783 12421 67 4786 StoneGrill.tml
12423 43 3090 12434 67 3126 SunkenShip-v2.tml
12438 65 800 12445 74 807 Outcrop.tml
12447 85 4860 12460 94 4873 VolcanicVent.tml
12460 67 660 12463 71 662 SkeletonHeadStatue.tml
12469 43 3224 12480 59 3260 SunkenShip-v3.tml
12484 66 5201 12488 68 5205 EmeraldOreOutcrop.tml
12501 67 5062 12505 73 5065 StonePillar.tml
12507 43 5561 12543 67 5572 SunkenShip-v2.tml
12535 67 4865 12538 71 4867 SkeletonHeadStatue.tml
12542 63 738 12546 69 741 StonePillar.tml
12552 61 928 12555 65 931 StoneGrill.tml
12557 64 4775 12565 72 4786 MinersHut.tml
12621 65 686 12625 67 690 EmeraldOreOutcrop.tml
12626 52 1109 12652 69 1117 shipwreck.tml
12628 63 874 12640 72 884 StoneHouseMruined.tml
12632 66 5188 12647 74 5197 Archway.tml
12636 70 5109 12643 74 5116 TinyFarmField.tml
12642 68 998 12646 70 1002 EmeraldOreOutcrop.tml
12667 63 4871 12674 72 4878 Outcrop.tml
12694 63 652 12704 68 662 RuinedSmallFountainDiagonal.tml
12696 65 730 12709 97 743 OreSpire.tml
12765 68 1013 12774 83 1022 MoaiHead.tml
12772 65 1141 12776 71 1144 StonePillar.tml
12782 68 659 12794 73 671 AncientFountain.tml
12801 64 922 12808 73 929 Outcrop.tml
12839 64 845 12842 68 848 StoneGrill.tml
12846 66 1082 12851 72 1087 CaveSpiderBurrow.tml
12905 62 619 12910 68 624 CaveSpiderBurrow.tml
12910 68 804 12914 70 808 EmeraldOreOutcrop.tml
12922 64 1082 12933 72 1090 MinersHut.tml
12925 69 992 12932 74 997 ZombieHut.tml
12936 65 698 12939 69 700 SkeletonHeadStatue.tml
12964 65 1172 12975 76 1181 ArrowTrapTomb.tml
12986 67 5015 12990 69 5019 EmeraldOreOutcrop.tml
13016 62 885 13025 70 900 Archway.tml
13035 63 1058 13055 77 1078 Altar.tml
13042 61 788 13046 67 791 StonePillar.tml
13093 71 5015 13106 103 5028 OreSpire.tml
13108 84 891 13115 93 898 Outcrop.tml
13132 64 971 13137 67 978 Melonfield.tml
13144 62 801 13156 67 813 AncientFountain.tml
13188 63 893 13200 72 903 StoneHouseMruined.tml
13196 70 1050 13200 72 1054 EmeraldOreOutcrop.tml
13227 40 727 13235 57 753 shipwreck.tml
13276 66 949 13285 81 958 MoaiHead.tml
13328 65 861 13333 71 866 CaveSpiderBurrow.tml
13347 43 657 13383 67 668 SunkenShip-v2.tml
13379 71 753 13389 76 763 RuinedSmallFountainDiagonal.tml
13397 66 1011 13404 71 1016 ZombieHut.tml
13413 65 873 13422 73 888 Archway.tml
13435 47 557 13471 63 568 SunkenShip-v3.tml
13482 65 963 13485 71 967 StonePillar.tml
13497 62 678 13502 65 685 PumpkinField.tml
13538 67 1091 13545 71 1098 TinyFarmField.tml
13557 69 817 13564 73 824 TinyFarmField.tml
13585 68 1019 13589 70 1023 EmeraldOreOutcrop.tml
13599 72 900 13606 81 907 Outcrop.tml
13730 44 715 13741 60 751 SunkenShip-v3.tml
13742 44 708 13753 68 744 SunkenShip-v2.tml
13762 44 836 13788 61 844 shipwreck.tml
14094 74 655 14101 83 662 Outcrop.tml
